10135	0.00 0.0 3.4028235E38 5.923077
10140	5.00 0.0 3.4028235E38 8.347561
10146	0.00 0.0 3.4028235E38 12.125
10155	29.00 0.0 3.4028235E38 13.882353
10157	0.00 0.0 3.4028235E38 11.411765
10333	0.00 0.0 3.4028235E38 0.0
10397	0.00 0.0 3.4028235E38 10.126071
10423	15.00 0.0 3.4028235E38 13.8662615
10434	0.00 0.0 3.4028235E38 4.7
10469	100.00 0.0 3.4028235E38 23.0
10551	0.00 0.0 3.4028235E38 1.2857143
10599	0.00 0.0 3.4028235E38 12.914286
10627	90.00 0.0 3.4028235E38 14.8
10685	241.00 0.0 3.4028235E38 27.043478
10713	20.00 0.0 3.4028235E38 15.699029
10728	0.00 0.0 3.4028235E38 17.625
10731	0.00 0.0 3.4028235E38 23.5
10739	0.00 0.0 3.4028235E38 1.5
10779	0.00 0.0 3.4028235E38 3.5
10821	7.00 0.0 3.4028235E38 12.327868
10849	0.00 0.0 3.4028235E38 24.625
10874	0.00 0.0 3.4028235E38 6.3846154
10926	0.00 0.0 3.4028235E38 15.2
10980	0.00 0.0 3.4028235E38 13.172414
11013	11.00 0.0 3.4028235E38 34.25
11042	0.00 0.0 3.4028235E38 18.235495
11057	0.00 0.0 3.4028235E38 10.099021
11066	29.00 0.0 3.4028235E38 20.924623
11097	0.00 0.0 3.4028235E38 4.6666665
11109	0.00 0.0 3.4028235E38 27.174603
11150	0.00 0.0 3.4028235E38 19.875
11259	0.00 0.0 3.4028235E38 10.727835
11413	0.00 0.0 3.4028235E38 13.333333
11433	23.00 0.0 3.4028235E38 12.182693
11471	264.00 0.0 3.4028235E38 63.285713
11503	124.00 0.0 3.4028235E38 20.48
11525	10.00 0.0 3.4028235E38 13.333333
11587	0.00 0.0 3.4028235E38 56.0
11617	0.00 0.0 3.4028235E38 0.0
11624	0.00 0.0 3.4028235E38 0.13043478
11637	0.00 0.0 3.4028235E38 15.693877
11648	77.00 0.0 3.4028235E38 17.583334
11695	97.00 0.0 3.4028235E38 16.785715
11697	0.00 0.0 3.4028235E38 10.625
11721	0.00 0.0 3.4028235E38 8.5
11778	4.00 0.0 3.4028235E38 8.157895
11884	0.00 0.0 3.4028235E38 8.410959
11905	12.00 0.0 3.4028235E38 29.2
11921	0.00 0.0 3.4028235E38 4.08
11996	0.00 0.0 3.4028235E38 16.849056
12003	0.00 0.0 3.4028235E38 15.9375
12007	42.00 0.0 3.4028235E38 7.571429
12012	0.00 0.0 3.4028235E38 39.2
12016	4.00 0.0 3.4028235E38 13.0
12094	0.00 0.0 3.4028235E38 9.3529415
12173	9.00 0.0 3.4028235E38 12.02046
12177	0.00 0.0 3.4028235E38 20.0
12191	4.00 0.0 3.4028235E38 8.865096
12197	0.00 0.0 3.4028235E38 17.348484
12265	0.00 0.0 3.4028235E38 21.333334
12278	0.00 0.0 3.4028235E38 22.944445
12320	5.00 0.0 3.4028235E38 2.5
12335	114.00 0.0 3.4028235E38 36.6
12339	1.00 0.0 3.4028235E38 13.277273
12391	59.00 0.0 3.4028235E38 14.023809
12441	0.00 0.0 3.4028235E38 23.205128
12478	12.00 0.0 3.4028235E38 16.300896
12511	32.00 0.0 3.4028235E38 15.166667
12519	104.00 0.0 3.4028235E38 45.833332
12889	18.00 0.0 3.4028235E38 9.546174
12892	28.00 0.0 3.4028235E38 11.5899105
12896	20.00 0.0 3.4028235E38 12.88
12898	0.00 0.0 3.4028235E38 13.888889
12915	10.00 0.0 3.4028235E38 7.2
12951	0.00 0.0 3.4028235E38 10.77551
12953	26.00 0.0 3.4028235E38 18.66401
12982	14.00 0.0 3.4028235E38 9.054348
13127	0.00 0.0 3.4028235E38 0.0
13158	43.00 0.0 3.4028235E38 10.369863
13198	3.00 0.0 3.4028235E38 11.352409
13204	0.00 0.0 3.4028235E38 12.028895
13244	11.00 0.0 3.4028235E38 13.592
13264	0.00 0.0 3.4028235E38 10.857142
13277	0.00 0.0 3.4028235E38 5.928571
13303	0.00 0.0 3.4028235E38 13.105183
13367	0.00 0.0 3.4028235E38 22.804878
13422	0.00 0.0 3.4028235E38 10.289474
13433	20.00 0.0 3.4028235E38 10.714286
13459	0.00 0.0 3.4028235E38 58.333332
13486	7.00 0.0 3.4028235E38 1.6363636
13495	9.00 0.0 3.4028235E38 9.076696
13796	0.00 0.0 3.4028235E38 9.994565
13851	0.00 0.0 3.4028235E38 15.653846
13871	0.00 0.0 3.4028235E38 10.914893
13873	14.00 0.0 3.4028235E38 7.3333335
13891	0.00 0.0 3.4028235E38 8.490684
13930	0.00 0.0 3.4028235E38 22.295698
13970	0.00 0.0 3.4028235E38 0.0
14025	9.00 0.0 3.4028235E38 18.0
14027	0.00 0.0 3.4028235E38 11.861344
14098	9.00 0.0 3.4028235E38 5.6923075
14100	5.00 0.0 3.4028235E38 13.816876
14108	3.00 0.0 3.4028235E38 27.121212
14113	0.00 0.0 3.4028235E38 1.4285715
14122	0.00 0.0 3.4028235E38 12.641149
14193	0.00 0.0 3.4028235E38 10.74
14252	0.00 0.0 3.4028235E38 27.466667
14254	0.00 0.0 3.4028235E38 0.0
14256	0.00 0.0 3.4028235E38 4.3333335
14487	4.00 0.0 3.4028235E38 21.11111
14489	0.00 0.0 3.4028235E38 23.733334
14492	99.00 0.0 3.4028235E38 12.956204
14520	0.00 0.0 3.4028235E38 9.285714
14524	0.00 0.0 3.4028235E38 10.355371
14588	0.00 0.0 3.4028235E38 1.5
14674	0.00 0.0 3.4028235E38 14.444445
14683	0.00 0.0 3.4028235E38 15.828
14685	0.00 0.0 3.4028235E38 12.107142
14689	112.00 0.0 3.4028235E38 16.867924
14696	0.00 0.0 3.4028235E38 31.0
14698	0.00 0.0 3.4028235E38 8.125
14711	33.00 0.0 3.4028235E38 9.857142
14771	0.00 0.0 3.4028235E38 15.542387
14814	0.00 0.0 3.4028235E38 7.6226416
14843	6.00 0.0 3.4028235E38 13.357466
14869	0.00 0.0 3.4028235E38 8.081798
14908	0.00 0.0 3.4028235E38 5.559727
14960	0.00 0.0 3.4028235E38 30.5
14986	0.00 0.0 3.4028235E38 8.411765
15008	1.00 0.0 3.4028235E38 25.666666
15024	0.00 0.0 3.4028235E38 15.76
15048	0.00 0.0 3.4028235E38 6.0
15295	0.00 0.0 3.4028235E38 12.555555
15323	0.00 0.0 3.4028235E38 9.0625
15356	112.00 0.0 3.4028235E38 23.16
15370	0.00 0.0 3.4028235E38 11.083969
15376	28.00 0.0 3.4028235E38 13.5
15389	7.00 0.0 3.4028235E38 12.0
15411	46.00 0.0 3.4028235E38 25.1
15497	0.00 0.0 3.4028235E38 0.0
15624	22.00 0.0 3.4028235E38 5.5555553
16218	3.00 0.0 3.4028235E38 6.0
