10136	22.00 0.0 3.4028235E38 8.956522
10141	0.00 0.0 3.4028235E38 5.2
10158	0.00 0.0 3.4028235E38 24.516129
10165	0.00 0.0 3.4028235E38 0.0
10170	0.00 0.0 3.4028235E38 43.333332
10185	0.00 0.0 3.4028235E38 5.0
10208	9.00 0.0 3.4028235E38 13.15
10257	5.00 0.0 3.4028235E38 15.627119
10268	9.00 0.0 3.4028235E38 78.8
10279	40.00 0.0 3.4028235E38 13.415094
10299	0.00 0.0 3.4028235E38 10.48718
10372	69.00 0.0 3.4028235E38 21.306452
10408	0.00 0.0 3.4028235E38 16.88
10431	0.00 0.0 3.4028235E38 13.444445
10529	45.00 0.0 3.4028235E38 15.732484
10561	47.00 0.0 3.4028235E38 22.84
10620	51.00 0.0 3.4028235E38 11.7
10631	0.00 0.0 3.4028235E38 1.0
10666	0.00 0.0 3.4028235E38 4.6
10693	391.00 0.0 3.4028235E38 12.583554
10721	0.00 0.0 3.4028235E38 14.418269
10732	15.00 0.0 3.4028235E38 10.538462
10747	0.00 0.0 3.4028235E38 7.105263
10754	26.00 0.0 3.4028235E38 40.8
10781	35.00 0.0 3.4028235E38 17.35
10785	89.00 0.0 3.4028235E38 23.809525
10792	0.00 0.0 3.4028235E38 10.974576
10800	1.00 0.0 3.4028235E38 11.795031
10868	9.00 0.0 3.4028235E38 15.6603775
10918	0.00 0.0 3.4028235E38 3.2
10930	138.00 0.0 3.4028235E38 34.0
10990	24.00 0.0 3.4028235E38 46.31579
10994	0.00 0.0 3.4028235E38 8.813953
11003	43.00 0.0 3.4028235E38 25.25
11041	4.00 0.0 3.4028235E38 4.2
11049	38.00 0.0 3.4028235E38 8.181818
11067	31.00 0.0 3.4028235E38 28.7
11076	0.00 0.0 3.4028235E38 26.833334
11092	0.00 0.0 3.4028235E38 0.0
11111	0.00 0.0 3.4028235E38 42.727272
11122	5.00 0.0 3.4028235E38 7.7058825
11140	6.00 0.0 3.4028235E38 11.764706
11146	12.00 0.0 3.4028235E38 6.3076925
11193	7.00 0.0 3.4028235E38 15.27647
11203	0.00 0.0 3.4028235E38 27.363636
11252	13.00 0.0 3.4028235E38 7.1538463
11267	24.00 0.0 3.4028235E38 11.69863
11274	83.00 0.0 3.4028235E38 16.75
11278	0.00 0.0 3.4028235E38 12.085107
11292	0.00 0.0 3.4028235E38 15.42355
11298	0.00 0.0 3.4028235E38 17.74577
11308	12.00 0.0 3.4028235E38 20.181818
11315	0.00 0.0 3.4028235E38 20.09091
11337	0.00 0.0 3.4028235E38 26.538462
11423	47.00 0.0 3.4028235E38 18.792208
11447	13.00 0.0 3.4028235E38 31.75
11481	0.00 0.0 3.4028235E38 3.2666667
11537	0.00 0.0 3.4028235E38 17.875
11540	0.00 0.0 3.4028235E38 12.494845
11577	5.00 0.0 3.4028235E38 11.6
11603	0.00 0.0 3.4028235E38 14.242424
11612	6.00 0.0 3.4028235E38 15.24138
11618	0.00 0.0 3.4028235E38 16.131378
11630	0.00 0.0 3.4028235E38 3.5625
11638	0.00 0.0 3.4028235E38 12.307693
11641	9.00 0.0 3.4028235E38 4.0
11775	0.00 0.0 3.4028235E38 22.180328
11823	0.00 0.0 3.4028235E38 15.666667
11865	56.00 0.0 3.4028235E38 12.583333
11867	0.00 0.0 3.4028235E38 3.6666667
11898	7.00 0.0 3.4028235E38 2.25
11953	0.00 0.0 3.4028235E38 7.0869565
11973	0.00 0.0 3.4028235E38 10.837838
11977	1.00 0.0 3.4028235E38 14.414634
11980	0.00 0.0 3.4028235E38 9.833333
11982	20.00 0.0 3.4028235E38 11.657895
11986	52.00 0.0 3.4028235E38 19.5
11995	0.00 0.0 3.4028235E38 16.830769
12129	0.00 0.0 3.4028235E38 11.125
12156	0.00 0.0 3.4028235E38 2.8333333
12206	0.00 0.0 3.4028235E38 7.172414
12217	0.00 0.0 3.4028235E38 19.765957
12255	15.00 0.0 3.4028235E38 5.6
12264	0.00 0.0 3.4028235E38 12.587079
12266	0.00 0.0 3.4028235E38 14.471043
12280	57.00 0.0 3.4028235E38 21.833334
12323	0.00 0.0 3.4028235E38 7.3076925
12343	0.00 0.0 3.4028235E38 5.5
12389	10.00 0.0 3.4028235E38 19.2
12402	0.00 0.0 3.4028235E38 3.66
12448	8.00 0.0 3.4028235E38 11.142858
12451	0.00 0.0 3.4028235E38 10.5125
12523	5.00 0.0 3.4028235E38 2.7391305
12758	3.00 0.0 3.4028235E38 7.3653846
12819	0.00 0.0 3.4028235E38 6.9615383
12884	0.00 0.0 3.4028235E38 12.0625
12888	0.00 0.0 3.4028235E38 30.0
12891	0.00 0.0 3.4028235E38 11.75
12945	0.00 0.0 3.4028235E38 14.702127
12954	0.00 0.0 3.4028235E38 8.592592
12992	0.00 0.0 3.4028235E38 19.010204
13029	8.00 0.0 3.4028235E38 14.8
13061	56.00 0.0 3.4028235E38 18.722221
13076	50.00 0.0 3.4028235E38 24.416666
13184	53.00 0.0 3.4028235E38 20.8125
13230	0.00 0.0 3.4028235E38 19.133333
13232	0.00 0.0 3.4028235E38 10.274961
13241	12.00 0.0 3.4028235E38 29.88889
13256	0.00 0.0 3.4028235E38 23.72973
13290	4.00 0.0 3.4028235E38 13.142858
13296	0.00 0.0 3.4028235E38 14.212766
13342	0.00 0.0 3.4028235E38 8.726891
13344	0.00 0.0 3.4028235E38 23.75
13360	0.00 0.0 3.4028235E38 1.0909091
13377	0.00 0.0 3.4028235E38 23.0
13388	27.00 0.0 3.4028235E38 6.75
13476	0.00 0.0 3.4028235E38 16.942858
13485	0.00 0.0 3.4028235E38 20.68493
13487	6.00 0.0 3.4028235E38 10.43673
13502	0.00 0.0 3.4028235E38 14.708333
13577	0.00 0.0 3.4028235E38 14.130435
13795	33.00 0.0 3.4028235E38 5.5454545
13830	0.00 0.0 3.4028235E38 8.508287
13931	0.00 0.0 3.4028235E38 12.382716
13933	0.00 0.0 3.4028235E38 0.0
13964	30.00 0.0 3.4028235E38 30.0
14006	0.00 0.0 3.4028235E38 2.142857
14057	14.00 0.0 3.4028235E38 9.9585495
14107	2.00 0.0 3.4028235E38 10.688499
14109	14.00 0.0 3.4028235E38 2.8
14150	0.00 0.0 3.4028235E38 1.25
14222	0.00 0.0 3.4028235E38 0.0
14262	0.00 0.0 3.4028235E38 13.25
14288	0.00 0.0 3.4028235E38 13.0
14307	0.00 0.0 3.4028235E38 12.160919
14321	0.00 0.0 3.4028235E38 10.545455
14457	7.00 0.0 3.4028235E38 13.315789
14543	0.00 0.0 3.4028235E38 11.846154
14570	13.00 0.0 3.4028235E38 10.008547
14574	0.00 0.0 3.4028235E38 12.166667
14576	53.00 0.0 3.4028235E38 16.088236
14633	22.00 0.0 3.4028235E38 23.8125
14635	0.00 0.0 3.4028235E38 12.892734
14679	0.00 0.0 3.4028235E38 7.839404
14709	0.00 0.0 3.4028235E38 2.3636363
14730	7.00 0.0 3.4028235E38 10.774194
14747	0.00 0.0 3.4028235E38 11.940842
14783	0.00 0.0 3.4028235E38 20.706896
14794	0.00 0.0 3.4028235E38 3.357143
14828	0.00 0.0 3.4028235E38 13.222222
14831	3.00 0.0 3.4028235E38 10.70122
14842	35.00 0.0 3.4028235E38 6.571429
14893	17.00 0.0 3.4028235E38 10.750831
14905	0.00 0.0 3.4028235E38 4.4
14952	0.00 0.0 3.4028235E38 9.5
15016	17.00 0.0 3.4028235E38 13.370646
15027	12.00 0.0 3.4028235E38 1.7777778
15041	27.00 0.0 3.4028235E38 9.8
15070	41.00 0.0 3.4028235E38 33.857143
15096	0.00 0.0 3.4028235E38 17.342857
15249	13.00 0.0 3.4028235E38 5.3125
15304	28.00 0.0 3.4028235E38 12.58637
15380	199.00 0.0 3.4028235E38 52.533333
15401	0.00 0.0 3.4028235E38 1.7142857
15412	117.00 0.0 3.4028235E38 18.862068
15582	7.00 0.0 3.4028235E38 4.8333335
15607	0.00 0.0 3.4028235E38 8.75
15841	0.00 0.0 3.4028235E38 10.333333
15919	0.00 0.0 3.4028235E38 16.219177
15991	41.00 0.0 3.4028235E38 7.111111
